17460
17670
17860
18060
18350
18740
19120
19470
19660
19840
20000
20160
20350
20520
20710
20900
21230
21570
21950
22300
22480
22680
22830
23020
23190
23360
23540
23730
24100
24430
24780
25150
25330
25520
25690
25880
26040
26230
26400
26560
26940
27300
27630
28010
28190
28370
28540
28730
28900
29070
29270
29480
29780
30120
30290
30490
30860
31020
31210
31400
31530
31720
31910
32090
32290
32640
33030
33320
33680
33900
34060
34260
34540
35080
35440
35610
35940
36480
37030
37380
37620
37940
38270
39000
39380
39580
39880
40270
40780
40970
41160
41490
42220
42900
43070
43440
43640
43980
44320
45040
45230
45580
46290
46850
47030
47220
49100
49300
49490
49660
49850
50030
50220
50390
50930
51150
55920
56470
56940
61580
62120
62610
72250
72460
